7.143964798500140878e-02
4.983870846529801779e-02
4.504275986303885732e-02
4.250496979802846631e-02
4.084246618052323613e-02
3.970816079527139664e-02
3.866078344484170232e-02
3.764510018130143298e-02
3.679360455522934920e-02
3.631621338427067081e-02
3.614181422938902988e-02
3.531629946082830152e-02
3.476669853553175649e-02
3.466459109137455530e-02
3.405084569628039765e-02
3.402998295302192555e-02
3.366487361490726193e-02
3.345276992768049518e-02
3.319163555279373845e-02
3.312125671654939790e-02
3.279530930643280440e-02
3.271525163824359761e-02
3.245866984749833789e-02
3.210593458885947771e-02
3.240955779328942576e-02
3.214880557109912190e-02
3.198804678395390788e-02
3.160529869298140532e-02
3.157170958196123256e-02
3.146535409614444057e-02
3.131249680494268411e-02
3.105995953083038469e-02
3.102392554283141951e-02
3.085574222107728345e-02
3.088243411233027730e-02
3.060431598375240939e-02
3.056747606024146080e-02
3.020352441817521910e-02
3.027101727202534745e-02
3.007408942406376157e-02
3.037456674501299789e-02
2.999616886178652422e-02
2.999846780051787856e-02
2.995397662743926048e-02
2.970349453389644484e-02
2.957653036961952961e-02
2.966104801744222710e-02
2.977804305652777261e-02
2.958864057436585288e-02
2.939618198821941988e-02
2.925176061689853738e-02
2.930537359789013932e-02
2.935741823166608880e-02
2.910153424988190171e-02
2.900596686328450746e-02
2.875761870915690896e-02
2.923248993853727953e-02
2.867456280315915790e-02
2.864185180515050819e-02
2.861124702418843882e-02
2.873782726625601427e-02
2.863126921777923994e-02
2.891053793330987387e-02
2.861807631949583527e-02
2.854144709805647370e-02
2.856550846869746960e-02
2.831005019446214063e-02
2.828346493964394026e-02
2.826979287589589593e-02
2.826294411594669140e-02
2.817462611322601659e-02
2.809297128890951567e-02
2.786104225864012920e-02
2.790018673986196379e-02
2.791803150127331393e-02
2.797903660684824059e-02
2.780337575823068480e-02
2.786752817531426910e-02
2.793059892331560545e-02
2.785412219042579171e-02
2.745443806052207808e-02
2.729660877957940102e-02
2.741041795040170467e-02
2.750922065849105425e-02
2.750703518589337621e-02
2.744203756252924439e-02
2.743059741333126952e-02
2.734413500875234465e-02
2.725291419774293969e-02
2.727862031509479049e-02
2.719789454713463644e-02
2.742472533136606355e-02
2.726769686366120951e-02
2.710073211540778640e-02
2.723004038756092482e-02
2.719992237786451883e-02
2.706942132984598362e-02
2.688133266444007671e-02
2.704209567358096394e-02
2.687301129723588741e-02
2.683505993336439063e-02
2.695557828992605279e-02
2.696048409367601123e-02
2.701365898052851197e-02
2.688684137538075586e-02
2.659820426876346317e-02
2.676693632577856544e-02
2.670018033434947216e-02
2.658359274889032092e-02
2.671543483932813101e-02
2.664793826018770420e-02
2.659617795919378552e-02
2.666548794756333149e-02
2.634520937378207958e-02
2.657613505919774466e-02
2.649879104768236571e-02
2.643206423769394603e-02
2.653334553663929188e-02
2.622630108768741336e-02
2.612872216850519250e-02
2.627408445502320972e-02
2.639339491724967957e-02
2.634427327041824821e-02
2.620662068948149612e-02
2.621429857487479753e-02
2.642581940939029220e-02
2.621645598361889429e-02
2.612543270612756319e-02
2.604913689816991396e-02
2.630871611957748615e-02
2.602327258015672481e-02
2.631722878043850355e-02
2.622198900207877229e-02
2.610213452329238418e-02
2.590045950685938153e-02
2.577984047432740553e-02
2.583509205530087199e-02
2.586757754907011847e-02
2.601712342972556727e-02
2.591523894419272764e-02
2.601052550598979135e-02
2.584158585717280868e-02
2.604488087818026404e-02
2.572800082465013030e-02
2.603502186636130061e-02
2.580282411848505361e-02
2.586193500707546777e-02
2.586881735672553334e-02
2.588037277261416233e-02
2.599638470758994582e-02
2.565145244201024258e-02
2.574604541684190340e-02
2.553076470891634669e-02
2.568469798813263413e-02
2.572699369241793904e-02
2.559618052716056483e-02
2.583776231234272483e-02
2.553854084884127004e-02
2.553436110417047974e-02
2.542567988857626776e-02
2.548707301417986459e-02
2.527757892385125091e-02
2.541189882904291292e-02
2.528984254846970356e-02
2.549338809524973395e-02
2.524068585286537783e-02
2.565422464782992837e-02
2.554368625084559030e-02
2.541639317447940555e-02
2.546259655306736674e-02
2.530240366856257098e-02
2.530662063509225845e-02
2.522069777672489646e-02
2.506885584443807602e-02
2.520146826282143593e-02
2.540035418545206342e-02
2.537223321075240609e-02
2.536724678551157200e-02
2.543413865690430029e-02
2.515809880569577078e-02
2.513449992984533379e-02
2.494586650282144477e-02
2.506866849338014805e-02
2.515979874879121711e-02
2.532749421273668491e-02
2.504159929230809212e-02
2.496450161561369896e-02
2.507697061325113094e-02
2.520001654823621207e-02
2.495766645297408173e-02
2.493245787918567727e-02
2.499432656913995812e-02
2.501637386158108572e-02
2.484305572385589120e-02
2.522165871535738194e-02
2.487378527099887507e-02
2.524101200203100748e-02
2.515642056241631369e-02
2.477417134990294798e-02
2.505431985482573648e-02
2.510743283977111273e-02
2.507792025183637821e-02
2.517864555120468209e-02
2.508090476815899236e-02
2.490635231758157528e-02
2.478779274970293114e-02
2.491422689830263479e-02
2.472258433699607919e-02
2.472733759010831492e-02
2.490947839493552751e-02
2.468951040258010252e-02
2.491102715333302908e-02
2.476379570240775860e-02
2.470053210854530196e-02
2.457818736632665091e-02
2.464207469796141081e-02
2.470585880801081519e-02
2.452165211240450379e-02
2.477832281341155532e-02
2.454943346480528352e-02
2.457610958566268378e-02
2.469304213300347467e-02
2.449328210204839568e-02
2.458861426760753158e-02
2.425493281334638665e-02
2.456596313665310519e-02
2.445736983790993552e-02
2.460783720016479492e-02
2.446005586534738541e-02
2.470390889793634345e-02
2.469624131917953422e-02
2.450328947355349951e-02
2.455302495509386132e-02
2.454815090944369518e-02
2.452300917357206483e-02
2.458010558038949828e-02
2.450544564053416113e-02
2.455465045447150982e-02
2.443723936254779336e-02
2.429337091743945937e-02
2.423687630022565431e-02
2.449750040347377367e-02
2.426115913937489099e-02
2.422574513281385011e-02
2.443929336344202383e-02
2.443224734937151157e-02
2.443449388568600181e-02
2.428938075900077820e-02
2.483178883170088225e-02
2.415104312822222848e-02
2.423056624829768996e-02
2.412213068455457826e-02
2.424757434055209090e-02
2.443587044253945489e-02
2.412829411526521209e-02
2.415571911260485510e-02
2.405272151033083575e-02
2.416866701096296449e-02
2.415883475914597581e-02
2.429389556248982840e-02
2.410330772399902483e-02
2.431176680450638020e-02
2.414388166119655135e-02
2.415942909816900727e-02
2.404403658583760192e-02
2.406803465758760793e-02
2.402414955819646633e-02
2.397530696665247166e-02
2.409309009090065956e-02
2.429823682953913960e-02
2.424988004689415319e-02
2.386056203395128111e-02
2.411368244017163959e-02
2.381661776453256746e-02
2.406406945859392368e-02
2.409154729296763761e-02
2.408354574193556988e-02
2.401586603373289178e-02
2.404856098194917136e-02
2.428959934040903976e-02
2.390477511410911762e-02
2.392113131160537517e-02
2.402276989693442888e-02
2.385537580897410803e-02
2.378566839421788690e-02
2.413060842081904411e-02
2.401189835121234420e-02
2.406055675819516321e-02
2.387902162348230772e-02
2.396926904718081272e-02
2.395603771631916318e-02
2.397976337621609416e-02
2.387203015387058189e-02
2.393336175009608269e-02
2.375446557998657157e-02
2.371733806406458103e-02
2.378714807952443666e-02
2.391867035379012518e-02
2.374462742979327814e-02
2.399854445829987387e-02
