4.945014140162712346e-02
4.797774400466527783e-02
4.718548498856715845e-02
4.656552943663719302e-02
4.646518205602963997e-02
4.586658779627237476e-02
4.636198568802613745e-02
4.674931472310653313e-02
4.575374626960510005e-02
4.532373037475805749e-02
4.539972792069116997e-02
4.482660681391373997e-02
4.499834155042966438e-02
4.466035245702816570e-02
4.457459894892496638e-02
4.478387142985294778e-02
4.424678333676778513e-02
4.404112142630112192e-02
4.418531107978942996e-02
4.393170535182341213e-02
4.413772355287502724e-02
4.319534168984645595e-02
4.359574358050639920e-02
4.304763474143468577e-02
4.329215687436935300e-02
4.324237457834757131e-02
4.305850036251239465e-02
4.335707894120460759e-02
4.303239142665496453e-02
4.352808915651761729e-02
4.238043548778081676e-02
4.270348802973062546e-02
4.222495638980315602e-02
4.282564545671144890e-02
4.275948372788918039e-02
4.276215294614816448e-02
4.241134035281646231e-02
4.259188444568560994e-02
4.223061448488479863e-02
4.200577210539426648e-02
4.206451276938120293e-02
4.189179594127031420e-02
4.173033813444467638e-02
4.225678321642753477e-02
4.234802531890380362e-02
4.212556301783292739e-02
4.214389498035112785e-02
4.201129346321790664e-02
4.186828367603130652e-02
4.201104358220712071e-02
4.168881638309894500e-02
4.183463599437322461e-02
4.239926038262171321e-02
4.184236635382358738e-02
4.253480516565151526e-02
4.191402661112638567e-02
4.196083517028735554e-02
4.217781928869394209e-02
4.208517265625488779e-02
4.186715281162506352e-02
4.218783707190782578e-02
4.182571640763527165e-02
4.174896883658874014e-02
4.190095256154353909e-02
4.207879534134498223e-02
4.233433831578645862e-02
4.224739672663884588e-02
4.192349677666639546e-02
4.193835848799118415e-02
4.220577816550548367e-02
4.187458037183834636e-02
4.203610676221358755e-02
4.198457577671760310e-02
4.172604674330124275e-02
4.168734030845838018e-02
4.232572210140717051e-02
4.197178265223136528e-02
4.205586751684164265e-02
4.163284494708745925e-02
4.194052374133697136e-02
4.251505147952299585e-02
4.249071702361106873e-02
4.193051445942658911e-02
4.225944288266010596e-02
4.255464338721372947e-02
4.155095012333148707e-02
4.216779653842632480e-02
4.207905219533504548e-02
4.241828916546625666e-02
4.205306208668611184e-02
4.174584589707545923e-02
4.225748337996311499e-02
4.184092199191068867e-02
4.224390020737281426e-02
4.200829173891972024e-02
4.192308517984855154e-02
4.241798904079657068e-02
4.201493374048135415e-02
4.171879608661700767e-02
4.242986746323414160e-02
